0-0;Floor_01;10;-0,1;-3,75;;;;0;0;0;0;0
0-1;Floor_01;10;-2,1;-4,75;;;;0;0;0;0;0
0-2;Floor_01;10;-4,1;-5,75;;;;0;0;0;0;0
0-3;Floor_01;10;-6,1;-6,75;;;;0;0;0;0;0
0-4;Floor_01;10;-8,1;-7,75;;;;0;0;0;0;0
0-5;Floor_01;10;-10,1;-8,75;;;;0;0;0;0;0
0-6;Floor_01;10;-12,1;-9,75;;;;0;0;0;0;0
1-0;Floor_01;10;1,9;-4,75;;;;0;0;0;0;0
1-1;Floor_01;10;-0,1;-5,75;;;;0;0;0;0;0
1-2;Floor_01;10;-2,1;-6,75;;;;0;0;0;0;0
1-3;Floor_01;10;-4,1;-7,75;;;;0;0;0;0;0
1-4;Floor_01;10;-6,1;-8,75;;;;0;0;0;0;0
1-5;Floor_01;10;-8,1;-9,75;;;;0;0;0;0;0
1-6;Floor_01;10;-10,1;-10,75;;;;0;0;0;0;0
2-0;Floor_01;10;3,9;-5,75;;;;0;0;0;0;0
2-1;Floor_01;10;1,9;-6,75;;;;0;0;0;0;0
2-2;Floor_01;10;-0,1;-7,75;;;;0;0;0;0;0
2-3;Floor_01;10;-2,1;-8,75;;;;0;0;0;0;0
2-4;Floor_01;10;-4,1;-9,75;;;;0;0;0;0;0
2-5;Floor_01;10;-6,1;-10,75;;;;0;0;0;0;0
2-6;Floor_01;10;-8,1;-11,75;;;;0;0;0;0;0
3-0;Floor_01;10;5,9;-6,75;;;;0;0;0;0;0
3-1;Floor_01;10;3,9;-7,75;;;;0;0;0;0;0
3-2;Floor_01;10;1,9;-8,75;;;;0;0;0;0;0
3-3;Floor_01;10;-0,1;-9,75;;;;0;0;0;0;0
3-4;Floor_01;10;-2,1;-10,75;;;;0;0;0;0;0
3-5;Floor_01;10;-4,1;-11,75;;;;0;0;0;0;0
3-6;Floor_01;10;-6,1;-12,75;;;;0;0;0;0;0
4-0;Floor_01;10;7,9;-7,75;;;;0;0;0;0;0
4-1;Floor_01;10;5,9;-8,75;;;;0;0;0;0;0
4-2;Floor_01;10;3,9;-9,75;Table;4-2-Child;Table_03_1_c;2;0;0,85;0;0,85
4-3;Floor_01;10;1,9;-10,75;;;;0;0;0;0;0
4-4;Floor_01;10;-0,1;-11,75;;;;0;0;0;0;0
4-5;Floor_01;10;-2,1;-12,75;;;;0;0;0;0;0
4-6;Floor_01;10;-4,1;-13,75;;;;0;0;0;0;0
5-0;Floor_01;10;9,9;-8,75;;;;0;0;0;0;0
5-1;Floor_01;10;7,9;-9,75;;;;0;0;0;0;0
5-2;Floor_01;10;5,9;-10,75;;;;0;0;0;0;0
5-3;Floor_01;10;3,9;-11,75;;;;0;0;0;0;0
5-4;Floor_01;10;1,9;-12,75;;;;0;0;0;0;0
5-5;Floor_01;10;-0,1;-13,75;;;;0;0;0;0;0
5-6;Floor_01;10;-2,1;-14,75;;;;0;0;0;0;0
6-0;Floor_01;10;11,9;-9,75;;;;0;0;0;0;0
6-1;Floor_01;10;9,9;-10,75;;;;0;0;0;0;0
6-2;Floor_01;10;7,9;-11,75;;;;0;0;0;0;0
6-3;Floor_01;10;5,9;-12,75;;;;0;0;0;0;0
6-4;Floor_01;10;3,9;-13,75;;;;0;0;0;0;0
6-5;Floor_01;10;1,9;-14,75;;;;0;0;0;0;0
6-6;Floor_01;10;-0,1;-15,75;;;;0;0;0;0;0
0-7;Floor_01;10;-14,1;-10,75;;;;0;0;0;0;0
1-7;Floor_01;10;-12,1;-11,75;;;;0;0;0;0;0
2-7;Floor_01;10;-10,1;-12,75;;;;0;0;0;0;0
3-7;Floor_01;10;-8,1;-13,75;;;;0;0;0;0;0
4-7;Floor_01;10;-6,1;-14,75;;;;0;0;0;0;0
5-7;Floor_01;10;-4,1;-15,75;;;;0;0;0;0;0
6-7;Floor_01;10;-2,1;-16,75;;;;0;0;0;0;0
7-0;Floor_01;10;13,9;-10,75;;;;0;0;0;0;0
7-1;Floor_01;10;11,9;-11,75;;;;0;0;0;0;0
7-2;Floor_01;10;9,9;-12,75;;;;0;0;0;0;0
7-3;Floor_01;10;7,9;-13,75;;;;0;0;0;0;0
7-4;Floor_01;10;5,9;-14,75;;;;0;0;0;0;0
7-5;Floor_01;10;3,9;-15,75;;;;0;0;0;0;0
7-6;Floor_01;10;1,9;-16,75;;;;0;0;0;0;0
7-7;Floor_01;10;-0,1;-17,75;;;;0;0;0;0;0
0-8;Floor_01;10;-16,1;-11,75;;;;0;0;0;0;0
1-8;Floor_01;10;-14,1;-12,75;;;;0;0;0;0;0
2-8;Floor_01;10;-12,1;-13,75;;;;0;0;0;0;0
3-8;Floor_01;10;-10,1;-14,75;;;;0;0;0;0;0
4-8;Floor_01;10;-8,1;-15,75;;;;0;0;0;0;0
5-8;Floor_01;10;-6,1;-16,75;;;;0;0;0;0;0
6-8;Floor_01;10;-4,1;-17,75;;;;0;0;0;0;0
7-8;Floor_01;10;-2,1;-18,75;;;;0;0;0;0;0
8-0;Floor_01;10;15,9;-11,75;;;;0;0;0;0;0
8-1;Floor_01;10;13,9;-12,75;;;;0;0;0;0;0
8-2;Floor_01;10;11,9;-13,75;;;;0;0;0;0;0
8-3;Floor_01;10;9,9;-14,75;;;;0;0;0;0;0
8-4;Floor_01;10;7,9;-15,75;;;;0;0;0;0;0
8-5;Floor_01;10;5,9;-16,75;;;;0;0;0;0;0
8-6;Floor_01;10;3,9;-17,75;;;;0;0;0;0;0
8-7;Floor_01;10;1,9;-18,75;;;;0;0;0;0;0
8-8;Floor_01;10;-0,1;-19,75;;;;0;0;0;0;0
0-9;Floor_01;10;-18,1;-12,75;;;;0;0;0;0;0
1-9;Floor_01;10;-16,1;-13,75;;;;0;0;0;0;0
2-9;Floor_01;10;-14,1;-14,75;;;;0;0;0;0;0
3-9;Floor_01;10;-12,1;-15,75;;;;0;0;0;0;0
4-9;Floor_01;10;-10,1;-16,75;;;;0;0;0;0;0
5-9;Floor_01;10;-8,1;-17,75;;;;0;0;0;0;0
6-9;Floor_01;10;-6,1;-18,75;;;;0;0;0;0;0
7-9;Floor_01;10;-4,1;-19,75;;;;0;0;0;0;0
8-9;Floor_01;10;-2,1;-20,75;;;;0;0;0;0;0
9-0;Floor_01;10;17,9;-12,75;;;;0;0;0;0;0
9-1;Floor_01;10;15,9;-13,75;;;;0;0;0;0;0
9-2;Floor_01;10;13,9;-14,75;;;;0;0;0;0;0
9-3;Floor_01;10;11,9;-15,75;;;;0;0;0;0;0
9-4;Floor_01;10;9,9;-16,75;;;;0;0;0;0;0
9-5;Floor_01;10;7,9;-17,75;;;;0;0;0;0;0
9-6;Floor_01;10;5,9;-18,75;;;;0;0;0;0;0
9-7;Floor_01;10;3,9;-19,75;;;;0;0;0;0;0
9-8;Floor_01;10;1,9;-20,75;;;;0;0;0;0;0
9-9;Floor_01;10;-0,1;-21,75;;;;0;0;0;0;0
0-10;Floor_01;10;-20,1;-13,75;;;;0;0;0;0;0
1-10;Floor_01;10;-18,1;-14,75;;;;0;0;0;0;0
2-10;Floor_01;10;-16,1;-15,75;;;;0;0;0;0;0
3-10;Floor_01;10;-14,1;-16,75;;;;0;0;0;0;0
4-10;Floor_01;10;-12,1;-17,75;;;;0;0;0;0;0
5-10;Floor_01;10;-10,1;-18,75;;;;0;0;0;0;0
6-10;Floor_01;10;-8,1;-19,75;;;;0;0;0;0;0
7-10;Floor_01;10;-6,1;-20,75;;;;0;0;0;0;0
8-10;Floor_01;10;-4,1;-21,75;;;;0;0;0;0;0
9-10;Floor_01;10;-2,1;-22,75;;;;0;0;0;0;0
10-0;Floor_01;10;19,9;-13,75;;;;0;0;0;0;0
10-1;Floor_01;10;17,9;-14,75;;;;0;0;0;0;0
10-2;Floor_01;10;15,9;-15,75;;;;0;0;0;0;0
10-3;Floor_01;10;13,9;-16,75;;;;0;0;0;0;0
10-4;Floor_01;10;11,9;-17,75;;;;0;0;0;0;0
10-5;Floor_01;10;9,9;-18,75;;;;0;0;0;0;0
10-6;Floor_01;10;7,9;-19,75;;;;0;0;0;0;0
10-7;Floor_01;10;5,9;-20,75;;;;0;0;0;0;0
10-8;Floor_01;10;3,9;-21,75;;;;0;0;0;0;0
10-9;Floor_01;10;1,9;-22,75;;;;0;0;0;0;0
10-10;Floor_01;10;-0,1;-23,75;;;;0;0;0;0;0
