1-0-Wall;Wall_09_;0;;0;0;0;1;0
0-1-Wall;Wall_09_;1;;0;0;0;0;1
2-0-Wall;Wall_09_;0;;0;0;0;2;0
0-2-Wall;Wall_09_;1;;0;0;0;0;2
3-0-Wall;Wall_09_;0;;0;0;0;3;0
0-3-Wall;Wall_09_;1;;0;0;0;0;3
4-0-Wall;Wall_09_;0;Wall_Door_01_1_;1;0,2;-0,5;4;0
0-4-Wall;Wall_09_;1;;0;0;0;0;4
5-0-Wall;Wall_09_;0;;0;0;0;5;0
0-5-Wall;Wall_09_;1;;0;0;0;0;5
6-0-Wall;Wall_09_;0;;0;0;0;6;0
0-6-Wall;Wall_09_;1;;0;0;0;0;6
7-0-Wall;Wall_09_;0;Wall_Deko_03_;1;0,25;1;7;0
0-7-Wall;Wall_09_;1;;0;0;0;0;7
8-0-Wall;Wall_09_;0;;0;0;0;8;0
0-8-Wall;Wall_09_;1;;0;0;0;0;8
9-0-Wall;Wall_09_;0;Wall_Deko_04_;1;0,2;1;9;0
0-9-Wall;Wall_09_;1;;0;0;0;0;9
10-0-Wall;Wall_05_;0;;0;0;0;10;0
0-10-Wall;Wall_09_;1;;0;0;0;0;10
11-0-Wall;Wall_09_;0;;0;0;0;11;0
0-11-Wall;Wall_09_;1;;0;0;0;0;11
